1 3000
1001 4000
2001 5000
3001 6000
4001 7000
5001 8000
6001 9000
7001 10000
8001 11000
9001 12000
10001 13000
11001 14000
12001 15000
13001 16000
14001 17000
15001 18000
16001 19000
17001 20000
18001 21000
19001 22000
20001 23000
21001 24000
22001 25000
23001 26000
24001 27000
25001 28000
26001 29000
27001 30000
28001 31000
29001 32000
30001 33000
31001 34000
32001 35000
33001 36000
34001 37000
35001 38000
36001 39000
37001 40000
38001 41000
39001 42000
40001 43000
41001 44000
42001 45000
43001 46000
44001 47000
45001 48000
46001 49000
47001 50000
48001 51000
49001 52000
50001 53000
51001 54000
52001 55000
53001 56000
54001 57000
55001 58000
56001 59000
57001 60000
58001 61000
59001 62000
60001 63000
61001 64000
62001 65000
63001 66000
64001 67000
65001 68000
66001 69000
67001 70000
68001 71000
69001 72000
70001 73000
71001 74000
72001 75000
73001 76000
74001 77000
75001 78000
76001 79000
77001 80000
78001 81000
79001 82000
80001 83000
81001 84000
82001 85000
83001 86000
84001 87000
85001 88000
86001 89000
87001 90000
88001 91000
89001 92000
90001 93000
91001 94000
92001 95000
93001 96000
94001 97000
95001 98000
96001 99000
97001 100000
98001 101000
99001 102000
100001 103000
101001 104000
102001 105000
103001 106000
104001 107000
105001 108000
106001 109000
107001 110000
108001 111000
109001 112000
110001 113000
111001 114000
112001 115000
113001 116000
114001 117000
115001 118000
116001 119000
117001 120000
118001 121000
119001 122000
120001 123000
121001 124000
122001 125000
123001 126000
124001 127000
125001 128000
126001 129000
127001 130000
128001 131000
129001 132000
130001 133000
131001 134000
132001 135000
133001 136000
134001 137000
135001 138000
136001 139000
137001 140000
138001 141000
139001 142000
140001 143000
141001 144000
142001 145000
143001 146000
144001 147000
145001 148000
146001 149000
147001 150000
148001 151000
149001 152000
150001 153000
151001 154000
152001 155000
153001 156000
154001 157000
155001 158000
156001 159000
157001 160000
158001 161000
159001 162000
160001 163000
161001 164000
162001 165000
163001 166000
164001 167000
165001 168000
166001 169000
167001 170000
168001 171000
169001 172000
170001 173000
171001 174000
172001 175000
173001 176000
174001 177000
175001 178000
176001 179000
177001 180000
178001 181000
179001 182000
180001 183000
181001 184000
182001 185000
183001 186000
184001 187000
185001 188000
186001 189000
187001 190000
188001 191000
189001 192000
190001 193000
191001 194000
192001 195000
193001 196000
194001 197000
195001 198000
196001 199000
197001 200000
198001 201000
199001 202000
200001 203000
201001 204000
202001 205000
203001 206000
204001 207000
205001 208000
206001 209000
207001 210000
208001 211000
209001 212000
210001 213000
211001 214000
212001 215000
213001 216000
214001 217000
215001 218000
216001 219000
217001 220000
218001 221000
219001 222000
220001 223000
221001 224000
222001 225000
223001 226000
224001 227000
225001 228000
226001 229000
227001 230000
228001 231000
229001 232000
230001 233000
231001 234000
232001 235000
233001 236000
234001 237000
235001 238000
236001 239000
237001 240000
238001 241000
239001 242000
240001 243000
241001 244000
242001 245000
243001 246000
244001 247000
245001 248000
246001 249000
247001 250000
248001 251000
249001 252000
250001 253000
251001 254000
252001 255000
253001 256000
254001 257000
255001 258000
256001 259000
257001 260000
258001 261000
259001 262000
260001 263000
261001 264000
262001 265000
263001 266000
264001 267000
265001 268000
266001 269000
267001 270000
268001 271000
269001 272000
270001 273000
271001 274000
272001 275000
273001 276000
274001 277000
275001 278000
276001 279000
277001 280000
278001 281000
279001 282000
280001 283000
281001 284000
282001 285000
283001 286000
284001 287000
285001 288000
286001 289000
287001 290000
288001 291000
289001 292000
290001 293000
291001 294000
292001 295000
293001 296000
294001 297000
295001 298000
296001 299000
297001 300000
298001 301000
299001 302000
300001 303000
301001 304000
302001 305000
303001 306000
304001 307000
305001 308000
306001 309000
307001 310000
308001 311000
309001 312000
310001 313000
311001 314000
312001 315000
313001 316000
314001 317000
315001 318000
316001 319000
317001 320000
318001 321000
319001 322000
320001 323000
321001 324000
322001 325000
323001 326000
324001 327000
325001 328000
326001 329000
327001 330000
328001 331000
329001 332000
330001 333000
331001 334000
332001 335000
333001 336000
334001 337000
335001 338000
336001 339000
337001 340000
338001 341000
339001 342000
340001 343000
341001 344000
342001 345000
343001 346000
344001 347000
345001 348000
346001 349000
347001 350000
348001 351000
349001 352000
350001 353000
351001 354000
352001 355000
353001 356000
354001 357000
355001 358000
356001 359000
357001 360000
358001 361000
359001 362000
360001 363000
361001 364000
362001 365000
363001 366000
364001 367000
365001 368000
366001 369000
367001 370000
368001 371000
369001 372000
370001 373000
371001 374000
372001 375000
373001 376000
374001 377000
375001 378000
376001 379000
377001 380000
378001 381000
379001 382000
380001 383000
381001 384000
382001 385000
383001 386000
384001 387000
385001 388000
386001 389000
387001 390000
388001 391000
389001 392000
390001 393000
391001 394000
392001 395000
393001 396000
394001 397000
395001 398000
396001 399000
397001 400000
398001 401000
399001 402000
400001 403000
401001 404000
402001 405000
403001 406000
404001 407000
405001 408000
406001 409000
407001 410000
408001 411000
409001 412000
410001 413000
411001 414000
412001 415000
413001 416000
414001 417000
415001 418000
416001 419000
417001 420000
418001 421000
419001 422000
420001 423000
421001 424000
422001 425000
423001 426000
424001 427000
425001 428000
426001 429000
427001 430000
428001 431000
429001 432000
430001 433000
431001 434000
432001 435000
433001 436000
434001 437000
435001 438000
436001 439000
437001 440000
438001 441000
439001 442000
440001 443000
441001 444000
442001 445000
443001 446000
444001 447000
445001 448000
446001 449000
447001 450000
448001 451000
449001 452000
450001 453000
451001 454000
452001 455000
453001 456000
454001 457000
455001 458000
456001 459000
457001 460000
458001 461000
459001 462000
460001 463000
461001 464000
462001 465000
463001 466000
464001 467000
465001 468000
466001 469000
467001 470000
468001 471000
469001 472000
470001 473000
471001 474000
472001 475000
473001 476000
474001 477000
475001 478000
476001 479000
477001 480000
478001 481000
479001 482000
480001 483000
481001 484000
482001 485000
483001 486000
484001 487000
485001 488000
486001 489000
487001 490000
488001 491000
489001 492000
490001 493000
491001 494000
492001 495000
493001 496000
494001 497000
495001 498000
496001 499000
497001 500000
498001 501000
499001 502000
500001 503000
501001 504000
502001 505000
503001 506000
504001 507000
505001 508000
506001 509000
507001 510000
508001 511000
509001 512000
510001 513000
511001 514000
512001 515000
513001 516000
514001 517000
515001 518000
516001 519000
517001 520000
518001 521000
519001 522000
520001 523000
521001 524000
522001 525000
523001 526000
524001 527000
525001 528000
526001 529000
527001 530000
528001 531000
529001 532000
530001 533000
531001 534000
532001 535000
533001 536000
534001 537000
535001 538000
536001 539000
537001 540000
538001 541000
539001 542000
540001 543000
541001 544000
542001 545000
543001 546000
544001 547000
545001 548000
546001 549000
547001 550000
548001 551000
549001 552000
550001 553000
551001 554000
552001 555000
553001 556000
554001 557000
555001 558000
556001 559000
557001 560000
558001 561000
559001 562000
560001 563000
561001 564000
562001 565000
563001 566000
564001 567000
565001 568000
566001 569000
567001 570000
568001 571000
569001 572000
570001 573000
571001 574000
572001 575000
573001 576000
574001 577000
575001 578000
576001 579000
577001 580000
578001 581000
579001 582000
580001 583000
581001 584000
582001 585000
583001 586000
584001 587000
585001 588000
586001 589000
587001 590000
588001 591000
589001 592000
590001 593000
591001 594000
592001 595000
593001 596000
594001 597000
595001 598000
596001 599000
597001 600000
598001 601000
599001 602000
600001 603000
601001 604000
602001 605000
603001 606000
604001 607000
605001 608000
606001 609000
607001 610000
608001 611000
609001 612000
610001 613000
611001 614000
612001 615000
613001 616000
614001 617000
615001 618000
616001 619000
617001 620000
618001 621000
619001 622000
620001 623000
621001 624000
622001 625000
623001 626000
624001 627000
625001 628000
626001 629000
627001 630000
628001 631000
629001 632000
630001 633000
631001 634000
632001 635000
633001 636000
634001 637000
635001 638000
636001 639000
637001 640000
638001 641000
639001 642000
640001 643000
641001 644000
642001 645000
643001 646000
644001 647000
645001 648000
646001 649000
647001 650000
648001 651000
649001 652000
650001 653000
651001 654000
652001 655000
653001 656000
654001 657000
655001 658000
656001 659000
657001 660000
658001 661000
659001 662000
660001 663000
661001 664000
662001 665000
663001 666000
664001 667000
665001 668000
666001 669000
667001 670000
668001 671000
669001 672000
670001 673000
671001 674000
672001 675000
673001 676000
674001 677000
675001 678000
676001 679000
677001 680000
678001 681000
679001 682000
680001 683000
681001 684000
682001 685000
683001 686000
684001 687000
685001 688000
686001 689000
687001 690000
688001 691000
689001 692000
690001 693000
691001 694000
692001 695000
693001 696000
694001 697000
695001 698000
696001 699000
697001 700000
698001 701000
699001 702000
700001 703000
701001 704000
702001 705000
703001 706000
704001 707000
705001 708000
706001 709000
707001 710000
708001 711000
709001 712000
710001 713000
711001 714000
712001 715000
713001 716000
714001 717000
715001 718000
716001 719000
717001 720000
718001 721000
719001 722000
720001 723000
721001 724000
722001 725000
723001 726000
724001 727000
725001 728000
726001 729000
727001 730000
728001 731000
729001 732000
730001 733000
731001 734000
732001 735000
733001 736000
734001 737000
735001 738000
736001 739000
737001 740000
738001 741000
739001 742000
740001 743000
741001 744000
742001 745000
743001 746000
744001 747000
745001 748000
746001 749000
747001 750000
748001 751000
749001 752000
750001 753000
751001 754000
752001 755000
753001 756000
754001 757000
755001 758000
756001 759000
757001 760000
758001 761000
759001 762000
760001 763000
761001 764000
762001 765000
763001 766000
764001 767000
765001 768000
766001 769000
767001 770000
768001 771000
769001 772000
770001 773000
771001 774000
772001 775000
773001 776000
774001 777000
775001 778000
776001 779000
777001 780000
778001 781000
779001 782000
780001 783000
781001 784000
782001 785000
783001 786000
784001 787000
785001 788000
786001 789000
787001 790000
788001 791000
789001 792000
790001 793000
791001 794000
792001 795000
793001 796000
794001 797000
795001 798000
796001 799000
797001 800000
798001 801000
799001 802000
800001 803000
801001 804000
802001 805000
803001 806000
804001 807000
805001 808000
806001 809000
807001 810000
808001 811000
809001 812000
810001 813000
811001 814000
812001 815000
813001 816000
814001 817000
815001 818000
816001 819000
817001 820000
818001 821000
819001 822000
820001 823000
821001 824000
822001 825000
823001 826000
824001 827000
825001 828000
826001 829000
827001 830000
828001 831000
829001 832000
830001 833000
831001 834000
832001 835000
833001 836000
834001 837000
835001 838000
836001 839000
837001 840000
838001 841000
839001 842000
840001 843000
841001 844000
842001 845000
843001 846000
844001 847000
845001 848000
846001 849000
847001 850000
848001 851000
849001 852000
850001 853000
851001 854000
852001 855000
853001 856000
854001 857000
855001 858000
856001 859000
857001 860000
858001 861000
859001 862000
860001 863000
861001 864000
862001 865000
863001 866000
864001 867000
865001 868000
866001 869000
867001 870000
868001 871000
869001 872000
870001 873000
871001 874000
872001 875000
873001 876000
874001 877000
875001 878000
876001 879000
877001 880000
878001 881000
879001 882000
880001 883000
881001 884000
882001 885000
883001 886000
884001 887000
885001 888000
886001 889000
887001 890000
888001 891000
889001 892000
890001 893000
891001 894000
892001 895000
893001 896000
894001 897000
895001 898000
896001 899000
897001 900000
898001 901000
899001 902000
900001 903000
901001 904000
902001 905000
903001 906000
904001 907000
905001 908000
906001 909000
907001 910000
908001 911000
909001 912000
910001 913000
911001 914000
912001 915000
913001 916000
914001 917000
915001 918000
916001 919000
917001 920000
918001 921000
919001 922000
920001 923000
921001 924000
922001 925000
923001 926000
924001 927000
925001 928000
926001 929000
927001 930000
928001 931000
929001 932000
930001 933000
931001 934000
932001 935000
933001 936000
934001 937000
935001 938000
936001 939000
937001 940000
938001 941000
939001 942000
940001 943000
941001 944000
942001 945000
943001 946000
944001 947000
945001 948000
946001 949000
947001 950000
948001 951000
949001 952000
950001 953000
951001 954000
952001 955000
953001 956000
954001 957000
955001 958000
956001 959000
957001 960000
958001 961000
959001 962000
960001 963000
961001 964000
962001 965000
963001 966000
964001 967000
965001 968000
966001 969000
967001 970000
968001 971000
969001 972000
970001 973000
971001 974000
972001 975000
973001 976000
974001 977000
975001 978000
976001 979000
977001 980000
978001 981000
979001 982000
980001 983000
981001 984000
982001 985000
983001 986000
984001 987000
985001 988000
986001 989000
987001 990000
988001 991000
989001 992000
990001 993000
991001 994000
992001 995000
993001 996000
994001 997000
995001 998000
996001 999000
997001 1000000
